TotProjArea:
	ap                        ckb                       lf                          wam                       mpd   
1   0.0000  0.0000  0.0000    0.0000  0.0000  0.0000    0.0000  0.0000  0.0000    0.0000  0.0000  0.0000    0.0000  0.0000  0.0000 
2  25.3723 24.6547 23.0928   34.4088 35.6162 31.1701   23.2464 11.3425 15.4743   42.6472 39.3394 36.1510   35.9397 35.9957 35.1761
3   0.0000  0.0000  0.0000    1.2707  2.2112  2.3036    0.0000  0.0000  0.0000    0.0000  0.0000  0.0000    0.1076  0.1948  0.3015  
4   2.2780  2.2743  2.6350    5.4380  5.4058  5.4795    2.8965  2.4070  2.4041    4.3603  4.8485  5.3326    4.8112  5.1828  5.1049
5   1.5685  1.8280  1.8641    4.2428  4.9027  4.5528    0.6593  0.2985  1.1272    1.7281  1.6646  2.5581    4.6241  3.9787  5.1175  
6   0.0352  0.8618  0.8594    0.0000  0.0000  0.0000    0.0000  0.0000  7.0492    0.0000  0.0000  0.0000    0.0000  0.0000  0.0000
7   0.3764  0.5909  0.1388    0.9195  0.8786  0.6996    0.0000  0.0000  0.0000    0.7169  0.2753  0.3018    0.8159  1.0588  0.7918  
8   4.2441  3.8468  4.2930    5.1254  4.4897  5.0342    1.0422  0.5225  0.5934    5.2328  5.1128  5.2381    5.4403  5.0235  6.1279
9   1.6429  1.4516  1.8720    1.3771  1.4051  1.5555    1.1183  1.1846  0.7512    0.6051  1.8438  1.4187    1.1768  1.4745  1.4961 
10 11.3553 11.7884 11.2092   18.1688 15.9061 19.7365    4.1284  4.2931  4.1871    5.9185  4.8978  6.8006   14.2044 13.4800 12.7190
11  0.1774  0.2420  0.2445    1.1011  1.2969  1.0778    7.9668  9.3489  6.0207    3.4025  2.3798  2.3107    1.5514  2.0355  2.0230  
12  2.8519  3.4776  3.6171    0.0000  0.0000  0.0000    0.0000  0.0000  0.0000    5.4466  5.5960  5.1482    3.6264  5.6316  6.6281


mean
    subj
img          AP        CKB         LF        WAM        MPD
  1   0.0000000  0.0000000  0.0000000  0.0000000  0.0000000 blank
  2  24.3732667 33.7317000 16.6877333 39.3792000 35.7038333
  3   0.0000000  1.9285000  0.0000000  0.0000000  0.2013000
  4   2.3957667  5.4411000  2.5692000  4.8471333  5.0329667
  5   1.7535333  4.5661000  0.6950000  1.9836000  4.5734333
  6   0.5854667  0.0000000  2.3497333  0.0000000  0.0000000 foggy with clear streak
  7   0.3687000  0.8325667  0.0000000  0.4313333  0.8888333
  8   4.1279667  4.8831000  0.7193667  5.1945667  5.5305667
  9   1.6555000  1.4459000  1.0180333  1.2892000  1.3824667
  10 11.4509667 17.9371333  4.2028667  5.8723000 13.4678000
  11  0.2213000  1.1586000  7.7788000  2.6976667  1.8699667
  12  3.3155333  0.0000000  0.0000000  5.3969333  5.2953667 blurry
  
var  
      subj
img          AP        CKB           LF          WAM        MPD
  1  0.00000000 0.00000000  0.000000000  0.000000000 0.00000000
  2  1.35843360 5.28579961 36.530024143 10.551341640 0.20966085
  3  0.00000000 0.32666007  0.000000000  0.000000000 0.00943099
  4  0.04292786 0.00136513  0.080346070  0.236343223 0.03840244
  5  0.02600380 0.10899967  0.172641790  0.248545750 0.32614169
  6  0.22709649 0.00000000 16.563740213  0.000000000 0.00000000
  7  0.05114307 0.01367830  0.000000000  0.061336803 0.02181170
  8  0.05988882 0.11815203  0.079422723  0.005021363 0.31103589
  9  0.04430311 0.00920512  0.054498943  0.396172110 0.03184072
  10 0.09073224 3.70824312  0.006967963  0.906762790 0.55171492
  11 0.00144697 0.01448089  2.795736810  0.373786223 0.07615260
  12 0.16608196 0.00000000  0.000000000  0.051981293 2.33734036

pooled variance estimates (excluding frames where all 3 were 0): 
sum((n_i - 1)s^2_i)/sum(n_i - 1) = sum(2s^2_i)/sum(2*(num_frames))
AP:  0.2068058
CKB: 1.065176
LF:  7.035422
WAM: 1.425699
MPD: 0.3913532
Overall pooled estimate (just from poolng those pooled estimates, is that wrong?): 
(9*0.2068058 + 8*1.065176 + 7*7.035422 + 8*1.425699 + 9*0.3913532)/(9+8+7+8+9) = 1.818497
Pooled estimate excluding LF:
(9*0.2068058 + 8*1.065176 + 8*1.425699 + 9*0.3913532)/(9+8+8+9) = 0.7444244


%CV
    subj
img         AP        CKB         LF       WAM       MPD
  1        NaN        NaN        NaN       NaN       NaN
  2   4.781955  6.8158044  36.218264  8.248727  1.282460
  3        NaN 29.6366002        NaN       NaN 48.243062
  4   8.648188  0.6790477  11.032766 10.029669  3.893636
  5   9.196115  7.2304807  59.784439 25.133274 12.487078
  6  81.395996        NaN 173.205081       NaN       NaN
  7  61.336679 14.0474371        NaN 57.417932 16.615922
  8   5.928389  7.0392271  39.176179  1.364148 10.084065
  9  12.714167  6.6355430  22.931478 48.822684 12.907341
  10  2.630502 10.7357172   1.986128 16.215809  5.515193
  11 17.188910 10.3863775  21.494905 22.663311 14.757355
  12 12.291584        NaN        NaN  4.224511 28.871207
  
mean 21.61125  10.35625    45.72866   21.5689  15.46573
 
 
 
 
 
 -----------------------------------
TotVolume.mm3:
%CV
img     AP   CKB     LF   WAM   MPD
  5  26.65 18.24  19.83 24.44 28.74
  8   9.19 21.87  99.05  3.71 33.88
  10 18.50  7.09  36.69 12.54  3.59
  12 17.80 14.31 112.89 38.77 23.73
  28 16.20   NaN    NaN  8.67 51.92
  29 13.61  5.77  13.88 40.92 21.22
  36   NaN 32.05    NaN   NaN 87.30
  40 22.07  1.53  12.04 16.17  8.23
  43 85.58   NaN 173.21   NaN   NaN
  55   NaN   NaN    NaN   NaN   NaN
  74  3.16 20.93   3.44 16.87 19.93
  92 93.77 24.58    NaN 44.36 33.46  
 means:
     AP      CKB       LF      WAM      MPD 
30.65332 16.26411 58.87925 22.93949 31.19927 
 
var:
    subj
img     AP   CKB    LF   WAM   MPD
  5  0.000 0.001 0.284 0.005 0.006
  8  0.003 0.032 0.001 0.001 0.172
  10 2.124 1.085 4.651 4.790 0.320
  12 0.002 0.012 0.007 0.017 0.033
  28 0.006 0.000 0.000 0.025 0.353
  29 0.003 0.000 0.001 0.024 0.005
  36 0.000 0.056 0.000 0.000 0.000
  40 0.007 0.000 0.002 0.036 0.010
  43 0.005 0.000 3.403 0.000 0.000
  55 0.000 0.000 0.000 0.000 0.000
  74 0.003 0.578 0.000 0.038 0.234
  92 0.001 0.001 0.000 0.001 0.001

mean:
    subj
img     AP    CKB    LF    WAM    MPD
  5  0.004  0.145 2.690  0.284  0.270
  8  0.577  0.813 0.026  1.022  1.224
  10 7.880 14.691 5.878 17.447 15.777
  12 0.242  0.775 0.074  0.334  0.770
  28 0.494  0.000 0.000  1.835  1.144
  29 0.376  0.386 0.257  0.378  0.340
  36 0.000  0.736 0.000  0.000  0.024
  40 0.375  1.362 0.384  1.175  1.210
  43 0.084  0.000 1.065  0.000  0.000
  55 0.000  0.000 0.000  0.000  0.000
  74 1.806  3.633 0.483  1.151  2.426
  92 0.040  0.098 0.000  0.078  0.115
  
  
  
  
  
  
  
  
  
  
  -------------
  TotLength.mm:
  
 % CV:
     subj
img     AP   CKB     LF   WAM   MPD
  5  17.17  3.50   7.14 22.44  1.90
  8   0.92  2.06  14.82  2.45  1.20
  10  0.61  5.43   1.21 11.17  0.54
  12  2.21 13.69  17.86 19.99  1.10
  28  0.50   NaN    NaN  0.69  0.46
  29 19.13  9.53  10.54 59.28  8.23
  36   NaN 36.40    NaN   NaN  4.13
  40  0.50  0.14   0.44  0.30  0.36
  43 52.90   NaN 173.21   NaN   NaN
  55   NaN   NaN    NaN   NaN   NaN
  74  2.36  2.23   2.13 18.68  7.38
  92  6.36  7.29    NaN 75.07 24.18
mean CV
       AP    CKB    LF   WAM   MPD 
      10.27  8.92 28.42 23.34  4.95 

mean:    subj
img         AP       CKB        LF      WAM       MPD
  5   8.980033  7.370667 33.338500 29.91897 10.401233
  8  35.202067 26.923700 23.792800 26.93507 27.512033
  10 89.581400 86.346667 87.591833 93.66527 87.161200
  12 15.800733 22.615067 10.885900 10.67743 22.517600
  28 20.017800  0.000000  0.000000 12.51963 20.343500
  29  6.378000  4.380300  4.431967  3.63700  4.729567
  36  0.000000  4.290233  0.000000  0.00000  1.527467
  40 18.196033 18.236567 18.662533 17.90563 18.416767
  43  3.672300  0.000000  4.102067  0.00000  0.000000
  55  0.000000  0.000000  0.000000  0.00000  0.000000
  74 72.659800 71.195333 64.255700 24.40563 61.941900
  92  5.594100  5.918400  0.000000  1.97930  5.788567

var:
    subj
img     AP    CKB     LF     WAM    MPD
  5  2.377  0.067  5.659  45.091  0.039
  8  0.106  0.309 12.428   0.436  0.109
  10 0.298 21.971  1.123 109.409  0.225
  12 0.122  9.591  3.780   4.557  0.061
  28 0.010  0.000  0.000   0.008  0.009
  29 1.489  0.174  0.218   4.648  0.152
  36 0.000  2.439  0.000   0.000  0.004
  40 0.008  0.001  0.007   0.003  0.004
  43 3.774  0.000 50.481   0.000  0.000
  55 0.000  0.000  0.000   0.000  0.000
  74 2.936  2.522  1.871  20.787 20.872
  92 0.127  0.186  0.000   2.208  1.959


------------
TotVolume.mm3


mean
    subj
img     AP    CKB    LF    WAM    MPD
  5  0.004  0.145 2.690  0.284  0.270
  8  0.577  0.813 0.026  1.022  1.224
  10 7.880 14.691 5.878 17.447 15.777
  12 0.242  0.775 0.074  0.334  0.770
  28 0.494  0.000 0.000  1.835  1.144
  29 0.376  0.386 0.257  0.378  0.340
  36 0.000  0.736 0.000  0.000  0.024
  40 0.375  1.362 0.384  1.175  1.210
  43 0.084  0.000 1.065  0.000  0.000
  55 0.000  0.000 0.000  0.000  0.000
  74 1.806  3.633 0.483  1.151  2.426
  92 0.040  0.098 0.000  0.078  0.115

%CV
    subj
img      AP    CKB      LF    WAM    MPD
  5  26.647 18.241  19.827 24.443 28.735
  8   9.190 21.869  99.051  3.707 33.876
  10 18.496  7.090  36.690 12.544  3.588
  12 17.800 14.310 112.895 38.770 23.727
  28 16.198    NaN     NaN  8.671 51.921
  29 13.612  5.770  13.883 40.919 21.224
  36    NaN 32.052     NaN    NaN 87.301
  40 22.074  1.533  12.039 16.175  8.227
  43 85.584    NaN 173.205    NaN    NaN
  55    NaN    NaN     NaN    NaN    NaN
  74  3.157 20.931   3.444 16.872 19.931
  92 93.775 24.580     NaN 44.356 33.463
mean CV
        AP    CKB      LF   WAM    MPD 
     30.65  16.26   58.88  22.94  31.20 


rowMeans(by(oa.justreps$TotVolume,list(subj=oa.justreps$Subject,img=oa.justreps$ImgID), function(x){sd(x,na.rm=T)/abs(mean(x,na.rm=T))*100}),na.rm=T)
round(t(by(oa.justreps$TotVolume,list(subj=oa.justreps$Subject,img=oa.justreps$ImgID), function(x){sd(x,na.rm=T)/abs(mean(x,na.rm=T))*100})),3)[]

