three tracings of the same root image (rep) by each of five technicians (subj):
(All do supposedly contain roots, but seems dubious in img 1)

Coefficient of variation (sd/|mean|*100)
     img
subj    1         2        3          4         5        6        7         8
  AP  NaN  4.781955      NaN  8.6481879  9.196115  81.3960 61.33668  5.928389
  CKB NaN  6.815804 29.63660  0.6790477  7.230481      NaN 14.04744  7.039227
  LF  NaN 36.218264      NaN 11.0327660 59.784439      NaN 39.176179
  WAM NaN  8.248727      NaN 10.0296692 25.133274      NaN 57.41793  1.364148
  MPD NaN  1.282460 48.24306  3.8936362 12.487078      NaN 16.61592 10.084065
     img
subj          9        10       11        12
  AP  12.714167  2.630502 17.18891 12.291584
  CKB  6.635543 10.735717 10.38638       NaN
  LF  22.931478  1.986128 21.49491       NaN
  WAM 48.822684 16.215809 22.66331  4.224511
  MPD 12.907341  5.515193 14.75735 28.871207

Mean
     img
subj  1        2      3        4        5         6         7         8        9
  AP  0 24.37327 0.0000 2.395767 1.753533 0.5854667 0.3687000 4.1279667 1.655500
  CKB 0 33.73170 1.9285 5.441100 4.566100 0.0000000 0.8325667 4.8831000 1.445900
  LF  0 16.68773 0.0000 2.569200 0.695000 2.3497333 0.0000000 0.7193667 1.018033
  WAM 0 39.37920 0.0000 4.847133 1.983600 0.0000000 0.4313333 5.1945667 1.289200
  MPD 0 35.70383 0.2013 5.032967 4.573433 0.0000000 0.8888333 5.5305667 1.382467
     img
subj         10       11       12
  AP  11.450967 0.221300 3.315533
  CKB 17.937133 1.158600 0.000000
  LF   4.202867 7.778800 0.000000
  WAM  5.872300 2.697667 5.396933
  MPD 13.467800 1.869967 5.295367


variance
      img
subj  1          2          3          4          5          6          7           8
  AP  0  1.3584336 0.00000000 0.04292786 0.02600380  0.2270965 0.05114307 0.059888823
  CKB 0  5.2857996 0.32666007 0.00136513 0.10899967  0.0000000 0.01367830 0.118152030
  LF  0 36.5300241 0.00000000 0.08034607 0.17264179 16.5637402 0.00000000 0.079422723
  WAM 0 10.5513416 0.00000000 0.23634322 0.24854575  0.0000000 0.06133680 0.005021363
  MPD 0  0.2096609 0.00943099 0.03840244 0.32614169  0.0000000 0.02181170 0.311035893
     img
subj           9          10         11         12
  AP  0.04430311 0.090732243 0.00144697 0.16608196
  CKB 0.00920512 3.708243123 0.01448089 0.00000000
  LF  0.05449894 0.006967963 2.79573681 0.00000000
  WAM 0.39617211 0.906762790 0.37378622 0.05198129
  MPD 0.03184072 0.551714920 0.07615260 2.33734036
